dt      ,x         ,y          ,position  ,velocity  ,acceleration,jerk       ,heading
0.010000,22.000000 ,-136.000000,0.000496  ,0.099206  ,9.920635    ,992.063492 ,6.283170
0.010000,22.000340 ,-136.000000,0.002480  ,0.297619  ,19.841270   ,992.063492 ,0.000003
0.010000,22.004804 ,-136.000000,0.006944  ,0.595238  ,29.761905   ,992.063492 ,0.000044
0.010000,22.012740 ,-135.999999,0.014881  ,0.992063  ,39.682540   ,992.063492 ,0.000117
0.010000,22.025141 ,-135.999997,0.027282  ,1.488095  ,49.603175   ,992.063492 ,0.000230
0.010000,22.042998 ,-135.999992,0.045139  ,2.083333  ,59.523810   ,992.063492 ,0.000394
0.010000,22.067304 ,-135.999979,0.069444  ,2.777778  ,69.444444   ,992.063492 ,0.000617
0.010000,22.099050 ,-135.999955,0.101190  ,3.571429  ,79.365079   ,992.063492 ,0.000908
0.010000,22.139228 ,-135.999911,0.141369  ,4.464286  ,89.285714   ,992.063492 ,0.001276
0.010000,22.188335 ,-135.999837,0.190476  ,5.357143  ,89.285714   ,0.000000   ,0.001726
0.010000,22.246371 ,-135.999722,0.248512  ,6.250000  ,89.285714   ,-0.000000  ,0.002258
0.010000,22.313335 ,-135.999550,0.315476  ,7.142857  ,89.285714   ,0.000000   ,0.002872
0.010000,22.389228 ,-135.999306,0.391369  ,8.035714  ,89.285714   ,-0.000000  ,0.003568
0.010000,22.474048 ,-135.998970,0.476190  ,8.928571  ,89.285714   ,0.000000   ,0.004346
0.010000,22.567797 ,-135.998522,0.569940  ,9.821429  ,89.285714   ,-0.000000  ,0.005205
0.010000,22.670474 ,-135.997939,0.672619  ,10.714286 ,89.285714   ,0.000000   ,0.006147
0.010000,22.782079 ,-135.997196,0.784226  ,11.607143 ,89.285714   ,-0.000000  ,0.007171
0.010000,22.902611 ,-135.996265,0.904762  ,12.500000 ,89.285714   ,0.000000   ,0.008276
0.010000,23.032070 ,-135.995117,1.034226  ,13.392857 ,89.285714   ,0.000000   ,0.009463
0.010000,23.170456 ,-135.993720,1.172619  ,14.285714 ,89.285714   ,0.000000   ,0.010733
0.010000,23.317768 ,-135.992039,1.319940  ,15.178571 ,89.285714   ,-0.000000  ,0.012084
0.010000,23.474005 ,-135.990039,1.476190  ,16.071429 ,89.285714   ,-0.000000  ,0.013518
0.010000,23.639167 ,-135.987681,1.641369  ,16.964286 ,89.285714   ,0.000000   ,0.015033
0.010000,23.813252 ,-135.984925,1.815476  ,17.857143 ,89.285714   ,0.000000   ,0.016630
0.010000,23.996260 ,-135.981727,1.998512  ,18.750000 ,89.285714   ,-0.000000  ,0.018310
0.010000,24.188189 ,-135.978044,2.190476  ,19.642857 ,89.285714   ,0.000000   ,0.020071
0.010000,24.389037 ,-135.973827,2.391369  ,20.535714 ,89.285714   ,0.000000   ,0.021914
0.010000,24.598804 ,-135.969027,2.601190  ,21.428571 ,89.285714   ,-0.000000  ,0.023839
0.010000,24.817486 ,-135.963593,2.819940  ,22.321429 ,89.285714   ,0.000000   ,0.025846
0.010000,25.045082 ,-135.957472,3.047619  ,23.214286 ,89.285714   ,0.000000   ,0.027935
0.010000,25.281590 ,-135.950607,3.284226  ,24.107143 ,89.285714   ,0.000000   ,0.030105
0.010000,25.527006 ,-135.942939,3.529762  ,25.000000 ,89.285714   ,0.000000   ,0.032357
0.010000,25.781327 ,-135.934410,3.784226  ,25.892857 ,89.285714   ,-0.000000  ,0.034691
0.010000,26.044550 ,-135.924957,4.047619  ,26.785714 ,89.285714   ,0.000000   ,0.037106
0.010000,26.316671 ,-135.914515,4.319940  ,27.678571 ,89.285714   ,-0.000000  ,0.039602
0.010000,26.597686 ,-135.903017,4.601190  ,28.571429 ,89.285714   ,0.000000   ,0.042180
0.010000,26.887590 ,-135.890396,4.891369  ,29.464286 ,89.285714   ,-0.000000  ,0.044839
0.010000,27.186378 ,-135.876579,5.190476  ,30.357143 ,89.285714   ,0.000000   ,0.047579
0.010000,27.494044 ,-135.861495,5.498512  ,31.250000 ,89.285714   ,-0.000000  ,0.050400
0.010000,27.810582 ,-135.845068,5.815476  ,32.142857 ,89.285714   ,0.000000   ,0.053301
0.010000,28.135986 ,-135.827220,6.141369  ,33.035714 ,89.285714   ,0.000000   ,0.056282
0.010000,28.470248 ,-135.807874,6.476190  ,33.928571 ,89.285714   ,-0.000000  ,0.059343
0.010000,28.813360 ,-135.786948,6.819940  ,34.821429 ,89.285714   ,0.000000   ,0.062485
0.010000,29.165314 ,-135.764358,7.172619  ,35.714286 ,89.285714   ,-0.000000  ,0.065705
0.010000,29.526101 ,-135.740021,7.534226  ,36.607143 ,89.285714   ,0.000000   ,0.069005
0.010000,29.895711 ,-135.713848,7.904762  ,37.500000 ,89.285714   ,-0.000000  ,0.072383
0.010000,30.274134 ,-135.685751,8.284226  ,38.392857 ,89.285714   ,0.000000   ,0.075840
0.010000,30.661357 ,-135.655638,8.672619  ,39.285714 ,89.285714   ,0.000000   ,0.079375
0.010000,31.057370 ,-135.623419,9.069940  ,40.178571 ,89.285714   ,-0.000000  ,0.082987
0.010000,31.462159 ,-135.588997,9.476190  ,41.071429 ,89.285714   ,0.000000   ,0.086676
0.010000,31.875710 ,-135.552277,9.891369  ,41.964286 ,89.285714   ,-0.000000  ,0.090442
0.010000,32.298009 ,-135.513161,10.315476 ,42.857143 ,89.285714   ,0.000000   ,0.094283
0.010000,32.729041 ,-135.471549,10.748512 ,43.750000 ,89.285714   ,-0.000000  ,0.098200
0.010000,33.168788 ,-135.427340,11.190476 ,44.642857 ,89.285714   ,0.000000   ,0.102191
0.010000,33.617234 ,-135.380431,11.641369 ,45.535714 ,89.285714   ,-0.000000  ,0.106256
0.010000,34.074360 ,-135.330719,12.101190 ,46.428571 ,89.285714   ,0.000000   ,0.110393
0.010000,34.540146 ,-135.278096,12.569940 ,47.321429 ,89.285714   ,-0.000000  ,0.114603
0.010000,35.014573 ,-135.222456,13.047619 ,48.214286 ,89.285714   ,0.000000   ,0.118885
0.010000,35.497618 ,-135.163690,13.534226 ,49.107143 ,89.285714   ,-0.000000  ,0.123237
0.010000,35.989259 ,-135.101689,14.029762 ,50.000000 ,89.285714   ,0.000000   ,0.127658
0.010000,36.489473 ,-135.036342,14.534226 ,50.892857 ,89.285714   ,0.000000   ,0.132148
0.010000,36.998234 ,-134.967535,15.047619 ,51.785714 ,89.285714   ,-0.000000  ,0.136705
0.010000,37.515516 ,-134.895157,15.569940 ,52.678571 ,89.285714   ,0.000000   ,0.141328
0.010000,38.041291 ,-134.819093,16.101190 ,53.571429 ,89.285714   ,-0.000000  ,0.146017
0.010000,38.575533 ,-134.739228,16.641369 ,54.464286 ,89.285714   ,0.000000   ,0.150769
0.010000,39.118210 ,-134.655445,17.190476 ,55.357143 ,89.285714   ,-0.000000  ,0.155584
0.010000,39.669292 ,-134.567629,17.748512 ,56.250000 ,89.285714   ,0.000000   ,0.160460
0.010000,40.228747 ,-134.475663,18.315476 ,57.142857 ,89.285714   ,0.000000   ,0.165395
0.010000,40.796542 ,-134.379427,18.891369 ,58.035714 ,89.285714   ,-0.000000  ,0.170389
0.010000,41.372641 ,-134.278806,19.476190 ,58.928571 ,89.285714   ,0.000000   ,0.175439
0.010000,41.957010 ,-134.173679,20.069940 ,59.821429 ,89.285714   ,-0.000000  ,0.180545
0.010000,42.549611 ,-134.063929,20.672619 ,60.714286 ,89.285714   ,0.000000   ,0.185703
0.010000,43.150405 ,-133.949436,21.284226 ,61.607143 ,89.285714   ,-0.000000  ,0.190914
0.010000,43.759354 ,-133.830083,21.904762 ,62.500000 ,89.285714   ,0.000000   ,0.196174
0.010000,44.376416 ,-133.705750,22.534226 ,63.392857 ,89.285714   ,0.000000   ,0.201481
0.010000,45.001549 ,-133.576319,23.172619 ,64.285714 ,89.285714   ,-0.000000  ,0.206835
0.010000,45.634712 ,-133.441672,23.819940 ,65.178571 ,89.285714   ,0.000000   ,0.212233
0.010000,46.275858 ,-133.301692,24.476190 ,66.071429 ,89.285714   ,-0.000000  ,0.217672
0.010000,46.924943 ,-133.156261,25.141369 ,66.964286 ,89.285714   ,0.000000   ,0.223151
0.010000,47.581920 ,-133.005265,25.815476 ,67.857143 ,89.285714   ,-0.000000  ,0.228667
0.010000,48.246742 ,-132.848586,26.498512 ,68.750000 ,89.285714   ,0.000000   ,0.234219
0.010000,48.919361 ,-132.686112,27.190476 ,69.642857 ,89.285714   ,0.000000   ,0.239803
0.010000,49.599726 ,-132.517730,27.891369 ,70.535714 ,89.285714   ,-0.000000  ,0.245418
0.010000,50.287787 ,-132.343326,28.601190 ,71.428571 ,89.285714   ,0.000000   ,0.251060
0.010000,50.983494 ,-132.162791,29.319940 ,72.321429 ,89.285714   ,-0.000000  ,0.256728
0.010000,51.686793 ,-131.976016,30.047619 ,73.214286 ,89.285714   ,0.000000   ,0.262419
0.010000,52.397632 ,-131.782894,30.784226 ,74.107143 ,89.285714   ,-0.000000  ,0.268131
0.010000,53.115958 ,-131.583318,31.529762 ,75.000000 ,89.285714   ,0.000000   ,0.273860
0.010000,53.841715 ,-131.377186,32.284226 ,75.892857 ,89.285714   ,0.000000   ,0.279603
0.010000,54.574851 ,-131.164395,33.047619 ,76.785714 ,89.285714   ,-0.000000  ,0.285359
0.010000,55.315308 ,-130.944846,33.819940 ,77.678571 ,89.285714   ,0.000000   ,0.291124
0.010000,56.063032 ,-130.718443,34.601190 ,78.571429 ,89.285714   ,-0.000000  ,0.296896
0.010000,56.817967 ,-130.485089,35.391369 ,79.464286 ,89.285714   ,0.000000   ,0.302670
0.010000,57.580056 ,-130.244693,36.190476 ,80.357143 ,89.285714   ,-0.000000  ,0.308446
0.010000,58.349244 ,-129.997166,36.998512 ,81.250000 ,89.285714   ,0.000000   ,0.314219
0.010000,59.125474 ,-129.742420,37.815476 ,82.142857 ,89.285714   ,0.000000   ,0.319987
0.010000,59.908690 ,-129.480371,38.641369 ,83.035714 ,89.285714   ,-0.000000  ,0.325746
0.010000,60.698837 ,-129.210938,39.476190 ,83.928571 ,89.285714   ,0.000000   ,0.331494
0.010000,61.495857 ,-128.934044,40.319940 ,84.821429 ,89.285714   ,-0.000000  ,0.337227
0.010000,62.299697 ,-128.649613,41.172619 ,85.714286 ,89.285714   ,0.000000   ,0.342943
0.010000,63.110300 ,-128.357575,42.034226 ,86.607143 ,89.285714   ,-0.000000  ,0.348638
0.010000,63.927614 ,-128.057860,42.904762 ,87.500000 ,89.285714   ,0.000000   ,0.354309
0.010000,64.751584 ,-127.750405,43.784226 ,88.392857 ,89.285714   ,0.000000   ,0.359952
0.010000,65.582158 ,-127.435149,44.672619 ,89.285714 ,89.285714   ,-0.000000  ,0.365566
0.010000,66.419284 ,-127.112033,45.569940 ,90.178571 ,89.285714   ,0.000000   ,0.371146
0.010000,67.262912 ,-126.781005,46.476190 ,91.071429 ,89.285714   ,0.000000   ,0.376690
0.010000,68.112991 ,-126.442015,47.391369 ,91.964286 ,89.285714   ,0.000000   ,0.382194
0.010000,68.969474 ,-126.095016,48.315476 ,92.857143 ,89.285714   ,0.000000   ,0.387655
0.010000,69.832315 ,-125.739967,49.248512 ,93.750000 ,89.285714   ,-0.000000  ,0.393070
0.010000,70.701467 ,-125.376830,50.190476 ,94.642857 ,89.285714   ,0.000000   ,0.398436
0.010000,71.576888 ,-125.005570,51.141369 ,95.535714 ,89.285714   ,0.000000   ,0.403750
0.010000,72.458536 ,-124.626159,52.101190 ,96.428571 ,89.285714   ,-0.000000  ,0.409008
0.010000,73.345916 ,-124.238771,53.069444 ,97.222222 ,79.365079   ,-992.063492,0.414205
0.010000,74.238088 ,-123.843794,54.045139 ,97.916667 ,69.444444   ,-992.063492,0.419333
0.010000,75.134122 ,-123.441642,55.027282 ,98.511905 ,59.523810   ,-992.063492,0.424383
0.010000,76.033096 ,-123.032747,56.014881 ,99.007937 ,49.603175   ,-992.063492,0.429350
0.010000,76.934102 ,-122.617565,57.006944 ,99.404762 ,39.682540   ,-992.063492,0.434226
0.010000,77.836240 ,-122.196570,58.002480 ,99.702381 ,29.761905   ,-992.063492,0.439005
0.010000,78.738620 ,-121.770255,59.000496 ,99.900794 ,19.841270   ,-992.063492,0.443682
0.010000,79.640362 ,-121.339131,60.000000 ,100.000000,9.920635    ,-992.063492,0.448250
0.010000,80.540596 ,-120.903727,61.000000 ,100.000000,0.000000    ,-992.063492,0.452706
0.010000,81.438906 ,-120.464367,62.000000 ,100.000000,0.000000    ,0.000000   ,0.457048
0.010000,82.335326 ,-120.021162,63.000000 ,100.000000,0.000000    ,0.000000   ,0.461275
0.010000,83.229889 ,-119.574223,64.000000 ,100.000000,0.000000    ,0.000000   ,0.465388
0.010000,84.122632 ,-119.123658,65.000000 ,100.000000,0.000000    ,0.000000   ,0.469388
0.010000,85.013593 ,-118.669578,66.000000 ,100.000000,0.000000    ,0.000000   ,0.473273
0.010000,85.902807 ,-118.212090,67.000000 ,100.000000,0.000000    ,0.000000   ,0.477046
0.010000,86.790316 ,-117.751300,68.000000 ,100.000000,0.000000    ,0.000000   ,0.480706
0.010000,87.676158 ,-117.287315,69.000000 ,100.000000,0.000000    ,0.000000   ,0.484253
0.010000,88.560376 ,-116.820240,70.000000 ,100.000000,0.000000    ,0.000000   ,0.487688
0.010000,89.443010 ,-116.350180,71.000000 ,100.000000,0.000000    ,0.000000   ,0.491012
0.010000,90.324103 ,-115.877238,72.000000 ,100.000000,0.000000    ,0.000000   ,0.494223
0.010000,91.203699 ,-115.401517,73.000000 ,100.000000,0.000000    ,0.000000   ,0.497324
0.010000,92.081842 ,-114.923120,74.000000 ,100.000000,0.000000    ,0.000000   ,0.500315
0.010000,92.958577 ,-114.442148,75.000000 ,100.000000,0.000000    ,0.000000   ,0.503195
0.010000,93.833950 ,-113.958700,76.000000 ,100.000000,0.000000    ,0.000000   ,0.505965
0.010000,94.708007 ,-113.472877,77.000000 ,100.000000,0.000000    ,0.000000   ,0.508626
0.010000,95.580795 ,-112.984778,78.000000 ,100.000000,0.000000    ,0.000000   ,0.511177
0.010000,96.452362 ,-112.494501,79.000000 ,100.000000,0.000000    ,0.000000   ,0.513620
0.010000,97.322754 ,-112.002144,80.000000 ,100.000000,0.000000    ,0.000000   ,0.515955
0.010000,98.192022 ,-111.507803,81.000000 ,100.000000,0.000000    ,0.000000   ,0.518181
0.010000,99.060214 ,-111.011575,82.000000 ,100.000000,0.000000    ,0.000000   ,0.520300
0.010000,99.927379 ,-110.513554,83.000000 ,100.000000,0.000000    ,0.000000   ,0.522311
0.010000,100.793567,-110.013837,84.000000 ,100.000000,0.000000    ,0.000000   ,0.524216
0.010000,101.658829,-109.512517,85.000000 ,100.000000,0.000000    ,0.000000   ,0.526014
0.010000,102.523215,-109.009688,86.000000 ,100.000000,0.000000    ,0.000000   ,0.527705
0.010000,103.386776,-108.505444,87.000000 ,100.000000,0.000000    ,0.000000   ,0.529291
0.010000,104.249563,-107.999876,88.000000 ,100.000000,0.000000    ,0.000000   ,0.530770
0.010000,105.111628,-107.493079,89.000000 ,100.000000,0.000000    ,0.000000   ,0.532145
0.010000,105.973022,-106.985142,90.000000 ,100.000000,0.000000    ,0.000000   ,0.533413
0.010000,106.833798,-106.476158,91.000000 ,100.000000,0.000000    ,0.000000   ,0.534577
0.010000,107.694008,-105.966217,92.000000 ,100.000000,0.000000    ,0.000000   ,0.535636
0.010000,108.553704,-105.455411,93.000000 ,100.000000,0.000000    ,0.000000   ,0.536591
0.010000,109.412939,-104.943830,94.000000 ,100.000000,0.000000    ,0.000000   ,0.537441
0.010000,110.271765,-104.431563,95.000000 ,100.000000,0.000000    ,0.000000   ,0.538186
0.010000,111.130236,-103.918701,96.000000 ,100.000000,0.000000    ,0.000000   ,0.538828
0.010000,111.988404,-103.405333,97.000000 ,100.000000,0.000000    ,0.000000   ,0.539365
0.010000,112.846324,-102.891548,98.000000 ,100.000000,0.000000    ,0.000000   ,0.539799
0.010000,113.704047,-102.377436,99.000000 ,100.000000,0.000000    ,0.000000   ,0.540128
0.010000,114.561627,-101.863086,100.000000,100.000000,0.000000    ,0.000000   ,0.540354
0.010000,115.419118,-101.348587,101.000000,100.000000,0.000000    ,0.000000   ,0.540476
0.010000,116.276572,-100.834027,102.000000,100.000000,0.000000    ,0.000000   ,0.540495
0.010000,117.134044,-100.319496,103.000000,100.000000,0.000000    ,0.000000   ,0.540409
0.010000,117.991586,-99.805083 ,104.000000,100.000000,0.000000    ,0.000000   ,0.540220
0.010000,118.849253,-99.290876 ,105.000000,100.000000,0.000000    ,0.000000   ,0.539927
0.010000,119.707096,-98.776965 ,106.000000,100.000000,0.000000    ,0.000000   ,0.539531
0.010000,120.565170,-98.263439 ,107.000000,100.000000,0.000000    ,0.000000   ,0.539030
0.010000,121.423528,-97.750387 ,108.000000,100.000000,0.000000    ,0.000000   ,0.538426
0.010000,122.282222,-97.237899 ,109.000000,100.000000,0.000000    ,0.000000   ,0.537717
0.010000,123.141306,-96.726064 ,110.000000,100.000000,0.000000    ,0.000000   ,0.536904
0.010000,124.000832,-96.214972 ,111.000000,100.000000,0.000000    ,0.000000   ,0.535987
0.010000,124.860853,-95.704714 ,112.000000,100.000000,0.000000    ,0.000000   ,0.534965
0.010000,125.721422,-95.195380 ,113.000000,100.000000,0.000000    ,0.000000   ,0.533838
0.010000,126.582591,-94.687061 ,114.000000,100.000000,0.000000    ,0.000000   ,0.532607
0.010000,127.444412,-94.179849 ,115.000000,100.000000,0.000000    ,0.000000   ,0.531270
0.010000,128.306937,-93.673834 ,116.000000,100.000000,0.000000    ,0.000000   ,0.529828
0.010000,129.170217,-93.169110 ,117.000000,100.000000,0.000000    ,0.000000   ,0.528280
0.010000,130.034304,-92.665768 ,118.000000,100.000000,0.000000    ,0.000000   ,0.526626
0.010000,130.899250,-92.163902 ,119.000000,100.000000,0.000000    ,0.000000   ,0.524866
0.010000,131.765103,-91.663605 ,120.000000,100.000000,0.000000    ,0.000000   ,0.522999
0.010000,132.631916,-91.164972 ,121.000000,100.000000,0.000000    ,0.000000   ,0.521026
0.010000,133.499738,-90.668096 ,122.000000,100.000000,0.000000    ,0.000000   ,0.518945
0.010000,134.368618,-90.173074 ,123.000000,100.000000,0.000000    ,0.000000   ,0.516757
0.010000,135.238606,-89.680002 ,124.000000,100.000000,0.000000    ,0.000000   ,0.514461
0.010000,136.109750,-89.188976 ,125.000000,100.000000,0.000000    ,0.000000   ,0.512057
0.010000,136.982099,-88.700092 ,126.000000,100.000000,0.000000    ,0.000000   ,0.509544
0.010000,137.855701,-88.213451 ,127.000000,100.000000,0.000000    ,0.000000   ,0.506922
0.010000,138.730601,-87.729149 ,128.000000,100.000000,0.000000    ,0.000000   ,0.504190
0.010000,139.606848,-87.247286 ,129.000000,100.000000,0.000000    ,0.000000   ,0.501349
0.010000,140.484486,-86.767964 ,130.000000,100.000000,0.000000    ,0.000000   ,0.498398
0.010000,141.363561,-86.291281 ,131.000000,100.000000,0.000000    ,0.000000   ,0.495337
0.010000,142.244118,-85.817342 ,132.000000,100.000000,0.000000    ,0.000000   ,0.492164
0.010000,143.126200,-85.346247 ,133.000000,100.000000,0.000000    ,0.000000   ,0.488880
0.010000,144.009851,-84.878101 ,134.000000,100.000000,0.000000    ,0.000000   ,0.485485
0.010000,144.895112,-84.413007 ,135.000000,100.000000,0.000000    ,0.000000   ,0.481978
0.010000,145.782025,-83.951071 ,136.000000,100.000000,0.000000    ,0.000000   ,0.478358
0.010000,146.670629,-83.492399 ,137.000000,100.000000,0.000000    ,0.000000   ,0.474625
0.010000,147.560966,-83.037097 ,138.000000,100.000000,0.000000    ,0.000000   ,0.470780
0.010000,148.453072,-82.585272 ,139.000000,100.000000,0.000000    ,0.000000   ,0.466821
0.010000,149.346985,-82.137034 ,140.000000,100.000000,0.000000    ,0.000000   ,0.462748
0.010000,150.242742,-81.692491 ,141.000000,100.000000,0.000000    ,0.000000   ,0.458561
0.010000,151.140377,-81.251754 ,142.000000,100.000000,0.000000    ,0.000000   ,0.454260
0.010000,152.039925,-80.814933 ,143.000000,100.000000,0.000000    ,0.000000   ,0.449845
0.010000,152.941417,-80.382140 ,144.000000,100.000000,0.000000    ,0.000000   ,0.445315
0.010000,153.844885,-79.953487 ,145.000000,100.000000,0.000000    ,0.000000   ,0.440669
0.010000,154.750359,-79.529088 ,146.000000,100.000000,0.000000    ,0.000000   ,0.435909
0.010000,155.657867,-79.109055 ,147.000000,100.000000,0.000000    ,0.000000   ,0.431034
0.010000,156.567436,-78.693505 ,148.000000,100.000000,0.000000    ,0.000000   ,0.426043
0.010000,157.479092,-78.282552 ,149.000000,100.000000,0.000000    ,0.000000   ,0.420938
0.010000,158.392857,-77.876311 ,150.000000,100.000000,0.000000    ,0.000000   ,0.415716
0.010000,159.308753,-77.474900 ,151.000000,100.000000,0.000000    ,0.000000   ,0.410380
0.010000,160.226801,-77.078434 ,152.000000,100.000000,0.000000    ,0.000000   ,0.404929
0.010000,161.147020,-76.687032 ,153.000000,100.000000,0.000000    ,0.000000   ,0.399362
0.010000,162.069425,-76.300812 ,154.000000,100.000000,0.000000    ,0.000000   ,0.393681
0.010000,162.994031,-75.919890 ,155.000000,100.000000,0.000000    ,0.000000   ,0.387886
0.010000,163.920850,-75.544387 ,156.000000,100.000000,0.000000    ,0.000000   ,0.381976
0.010000,164.849893,-75.174420 ,157.000000,100.000000,0.000000    ,0.000000   ,0.375953
0.010000,165.781169,-74.810107 ,158.000000,100.000000,0.000000    ,0.000000   ,0.369817
0.010000,166.714682,-74.451569 ,159.000000,100.000000,0.000000    ,0.000000   ,0.363569
0.010000,167.650437,-74.098923 ,160.000000,100.000000,0.000000    ,0.000000   ,0.357208
0.010000,168.588435,-73.752289 ,161.000000,100.000000,0.000000    ,0.000000   ,0.350736
0.010000,169.528676,-73.411784 ,162.000000,100.000000,0.000000    ,0.000000   ,0.344155
0.010000,170.471156,-73.077526 ,163.000000,100.000000,0.000000    ,0.000000   ,0.337463
0.010000,171.415869,-72.749634 ,164.000000,100.000000,0.000000    ,0.000000   ,0.330664
0.010000,172.362807,-72.428224 ,165.000000,100.000000,0.000000    ,0.000000   ,0.323757
0.010000,173.311959,-72.113412 ,166.000000,100.000000,0.000000    ,0.000000   ,0.316744
0.010000,174.263311,-71.805314 ,167.000000,100.000000,0.000000    ,0.000000   ,0.309626
0.010000,175.216848,-71.504044 ,168.000000,100.000000,0.000000    ,0.000000   ,0.302405
0.010000,176.172550,-71.209717 ,169.000000,100.000000,0.000000    ,0.000000   ,0.295083
0.010000,177.130397,-70.922444 ,170.000000,100.000000,0.000000    ,0.000000   ,0.287660
0.010000,178.090363,-70.642336 ,171.000000,100.000000,0.000000    ,0.000000   ,0.280138
0.010000,179.052422,-70.369503 ,172.000000,100.000000,0.000000    ,0.000000   ,0.272521
0.010000,180.016543,-70.104052 ,173.000000,100.000000,0.000000    ,0.000000   ,0.264808
0.010000,180.982696,-69.846090 ,174.000000,100.000000,0.000000    ,0.000000   ,0.257003
0.010000,181.950843,-69.595720 ,175.000000,100.000000,0.000000    ,0.000000   ,0.249107
0.010000,182.920948,-69.353045 ,176.000000,100.000000,0.000000    ,0.000000   ,0.241124
0.010000,183.892970,-69.118164 ,177.000000,100.000000,0.000000    ,0.000000   ,0.233055
0.010000,184.866864,-68.891176 ,178.000000,100.000000,0.000000    ,0.000000   ,0.224902
0.010000,185.842586,-68.672174 ,179.000000,100.000000,0.000000    ,0.000000   ,0.216669
0.010000,186.820085,-68.461251 ,180.000000,100.000000,0.000000    ,0.000000   ,0.208358
0.010000,187.799312,-68.258495 ,181.000000,100.000000,0.000000    ,0.000000   ,0.199972
0.010000,188.780211,-68.063995 ,182.000000,100.000000,0.000000    ,0.000000   ,0.191514
0.010000,189.762727,-67.877832 ,183.000000,100.000000,0.000000    ,0.000000   ,0.182987
0.010000,190.746800,-67.700086 ,184.000000,100.000000,0.000000    ,0.000000   ,0.174394
0.010000,191.732370,-67.530835 ,185.000000,100.000000,0.000000    ,0.000000   ,0.165738
0.010000,192.719373,-67.370150 ,186.000000,100.000000,0.000000    ,0.000000   ,0.157022
0.010000,193.707743,-67.218102 ,187.000000,100.000000,0.000000    ,0.000000   ,0.148251
0.010000,194.697412,-67.074755 ,188.000000,100.000000,0.000000    ,0.000000   ,0.139426
0.010000,195.688311,-66.940171 ,189.000000,100.000000,0.000000    ,0.000000   ,0.130553
0.010000,196.680368,-66.814408 ,190.000000,100.000000,0.000000    ,0.000000   ,0.121634
0.010000,197.673509,-66.697520 ,191.000000,100.000000,0.000000    ,0.000000   ,0.112673
0.010000,198.667661,-66.589554 ,192.000000,100.000000,0.000000    ,0.000000   ,0.103674
0.010000,199.662745,-66.490557 ,193.000000,100.000000,0.000000    ,0.000000   ,0.094640
0.010000,200.658684,-66.400569 ,194.000000,100.000000,0.000000    ,0.000000   ,0.085575
0.010000,201.655400,-66.319627 ,195.000000,100.000000,0.000000    ,0.000000   ,0.076484
0.010000,202.652811,-66.247761 ,196.000000,100.000000,0.000000    ,0.000000   ,0.067369
0.010000,203.650836,-66.184999 ,197.000000,100.000000,0.000000    ,0.000000   ,0.058235
0.010000,204.649393,-66.131364 ,198.000000,100.000000,0.000000    ,0.000000   ,0.049085
0.010000,205.648399,-66.086875 ,199.000000,100.000000,0.000000    ,0.000000   ,0.039923
0.010000,206.647771,-66.051544 ,200.000000,100.000000,0.000000    ,0.000000   ,0.030753
0.010000,207.647425,-66.025380 ,201.000000,100.000000,0.000000    ,0.000000   ,0.021579
0.010000,208.647278,-66.008389 ,202.000000,100.000000,0.000000    ,0.000000   ,0.012405
0.010000,209.647243,-66.000570 ,203.000000,100.000000,0.000000    ,0.000000   ,0.003234
0.010000,210.646318,-66.002926 ,204.000000,100.000000,0.000000    ,0.000000   ,6.274113
0.010000,211.646179,-66.019100 ,205.000000,100.000000,0.000000    ,0.000000   ,6.259867
0.010000,212.645704,-66.049639 ,206.000000,100.000000,0.000000    ,0.000000   ,6.245373
0.010000,213.644675,-66.094785 ,207.000000,100.000000,0.000000    ,0.000000   ,6.230634
0.010000,214.642865,-66.154770 ,208.000000,100.000000,0.000000    ,0.000000   ,6.215655
0.010000,215.640036,-66.229816 ,209.000000,100.000000,0.000000    ,0.000000   ,6.200443
0.010000,216.635939,-66.320135 ,210.000000,100.000000,0.000000    ,0.000000   ,6.185005
0.010000,217.630317,-66.425926 ,211.000000,100.000000,0.000000    ,0.000000   ,6.169350
0.010000,218.622904,-66.547374 ,212.000000,100.000000,0.000000    ,0.000000   ,6.153487
0.010000,219.613426,-66.684650 ,213.000000,100.000000,0.000000    ,0.000000   ,6.137427
0.010000,220.601601,-66.837908 ,214.000000,100.000000,0.000000    ,0.000000   ,6.121182
0.010000,221.587141,-67.007285 ,215.000000,100.000000,0.000000    ,0.000000   ,6.104764
0.010000,222.569752,-67.192897 ,216.000000,100.000000,0.000000    ,0.000000   ,6.088188
0.010000,223.549138,-67.394841 ,217.000000,100.000000,0.000000    ,0.000000   ,6.071470
0.010000,224.524995,-67.613193 ,218.000000,100.000000,0.000000    ,0.000000   ,6.054624
0.010000,225.497023,-67.848008 ,219.000000,100.000000,0.000000    ,0.000000   ,6.037668
0.010000,226.464918,-68.099317 ,220.000000,100.000000,0.000000    ,0.000000   ,6.020619
0.010000,227.428377,-68.367126 ,221.000000,100.000000,0.000000    ,0.000000   ,6.003497
0.010000,228.387102,-68.651418 ,222.000000,100.000000,0.000000    ,0.000000   ,5.986321
0.010000,229.340796,-68.952154 ,223.000000,100.000000,0.000000    ,0.000000   ,5.969110
0.010000,230.288900,-69.269174 ,223.999714,99.942753 ,-5.724696   ,-572.469596,5.951889
0.010000,231.230401,-69.602106 ,224.998359,99.786300 ,-15.645331  ,-992.063492,5.934693
0.010000,232.164118,-69.950432 ,225.994944,99.530640 ,-25.565966  ,-992.063492,5.917559
0.010000,233.088905,-70.313544 ,226.988476,99.175774 ,-35.486601  ,-992.063492,5.900523
0.010000,234.003659,-70.690754 ,227.977963,98.721702 ,-45.407236  ,-992.063492,5.883624
0.010000,234.907317,-71.081295 ,228.962414,98.168423 ,-55.327871  ,-992.063492,5.866895
0.010000,235.798864,-71.484323 ,229.940836,97.515938 ,-65.248505  ,-992.063492,5.850371
0.010000,236.677330,-71.898927 ,230.912237,96.764247 ,-75.169140  ,-992.063492,5.834085
0.010000,237.541795,-72.324129 ,231.875625,95.913349 ,-85.089775  ,-992.063492,5.818068
0.010000,238.391641,-72.759027 ,232.830294,95.020492 ,-89.285714  ,-419.593896,5.802343
0.010000,239.226729,-73.202914 ,233.776034,94.127635 ,-89.285714  ,0.000000   ,5.786926
0.010000,240.047127,-73.655183 ,234.712846,93.234777 ,-89.285714  ,-0.000000  ,5.771824
0.010000,240.852923,-74.115232 ,235.640730,92.341920 ,-89.285714  ,0.000000   ,5.757046
0.010000,241.644222,-74.582467 ,236.559685,91.449063 ,-89.285714  ,0.000000   ,5.742598
0.010000,242.421146,-75.056306 ,237.469711,90.556206 ,-89.285714  ,0.000000   ,5.728484
0.010000,243.183830,-75.536178 ,238.370809,89.663349 ,-89.285714  ,-0.000000  ,5.714709
0.010000,243.932424,-76.021525 ,239.262978,88.770492 ,-89.285714  ,0.000000   ,5.701275
0.010000,244.667089,-76.511801 ,240.146219,87.877635 ,-89.285714  ,-0.000000  ,5.688183
0.010000,245.387995,-77.006478 ,241.020531,86.984777 ,-89.285714  ,0.000000   ,5.675432
0.010000,246.095324,-77.505041 ,241.885914,86.091920 ,-89.285714  ,-0.000000  ,5.663023
0.010000,246.789264,-78.006990 ,242.742369,85.199063 ,-89.285714  ,0.000000   ,5.650954
0.010000,247.470010,-78.511844 ,243.589896,84.306206 ,-89.285714  ,-0.000000  ,5.639222
0.010000,248.137763,-79.019136 ,244.428493,83.413349 ,-89.285714  ,0.000000   ,5.627823
0.010000,248.792726,-79.528416 ,245.258163,82.520492 ,-89.285714  ,-0.000000  ,5.616755
0.010000,249.435110,-80.039251 ,246.078903,81.627635 ,-89.285714  ,0.000000   ,5.606012
0.010000,250.065122,-80.551225 ,246.890715,80.734777 ,-89.285714  ,0.000000   ,5.595591
0.010000,250.682977,-81.063936 ,247.693599,79.841920 ,-89.285714  ,-0.000000  ,5.585484
0.010000,251.288885,-81.577000 ,248.487554,78.949063 ,-89.285714  ,0.000000   ,5.575688
0.010000,251.883059,-82.090049 ,249.272580,78.056206 ,-89.285714  ,-0.000000  ,5.566196
0.010000,252.465710,-82.602728 ,250.048678,77.163349 ,-89.285714  ,0.000000   ,5.557001
0.010000,253.037050,-83.114701 ,250.815847,76.270492 ,-89.285714  ,-0.000000  ,5.548097
0.010000,253.597285,-83.625643 ,251.574088,75.377635 ,-89.285714  ,0.000000   ,5.539479
0.010000,254.146623,-84.135244 ,252.323400,74.484777 ,-89.285714  ,0.000000   ,5.531138
0.010000,254.685265,-84.643210 ,253.063783,73.591920 ,-89.285714  ,-0.000000  ,5.523069
0.010000,255.213412,-85.149258 ,253.795238,72.699063 ,-89.285714  ,0.000000   ,5.515264
0.010000,255.731260,-85.653118 ,254.517764,71.806206 ,-89.285714  ,-0.000000  ,5.507717
0.010000,256.239002,-86.154534 ,255.231362,70.913349 ,-89.285714  ,0.000000   ,5.500420
0.010000,256.736826,-86.653260 ,255.936031,70.020492 ,-89.285714  ,-0.000000  ,5.493368
0.010000,257.224917,-87.149063 ,256.631772,69.127635 ,-89.285714  ,0.000000   ,5.486554
0.010000,257.703454,-87.641720 ,257.318584,68.234777 ,-89.285714  ,0.000000   ,5.479970
0.010000,258.172615,-88.131018 ,257.996468,67.341920 ,-89.285714  ,-0.000000  ,5.473611
0.010000,258.632569,-88.616756 ,258.665422,66.449063 ,-89.285714  ,0.000000   ,5.467470
0.010000,259.083483,-89.098742 ,259.325449,65.556206 ,-89.285714  ,-0.000000  ,5.461540
0.010000,259.525520,-89.576791 ,259.976547,64.663349 ,-89.285714  ,0.000000   ,5.455815
0.010000,259.958836,-90.050729 ,260.618716,63.770492 ,-89.285714  ,-0.000000  ,5.450289
0.010000,260.383584,-90.520390 ,261.251956,62.877635 ,-89.285714  ,0.000000   ,5.444957
0.010000,260.799912,-90.985617 ,261.876268,61.984777 ,-89.285714  ,0.000000   ,5.439812
0.010000,261.207963,-91.446258 ,262.491652,61.091920 ,-89.285714  ,-0.000000  ,5.434849
0.010000,261.607876,-91.902171 ,263.098107,60.199063 ,-89.285714  ,0.000000   ,5.430061
0.010000,261.999785,-92.353219 ,263.695633,59.306206 ,-89.285714  ,-0.000000  ,5.425444
0.010000,262.383819,-92.799274 ,264.284231,58.413349 ,-89.285714  ,0.000000   ,5.420993
0.010000,262.760104,-93.240211 ,264.863900,57.520492 ,-89.285714  ,-0.000000  ,5.416701
0.010000,263.128760,-93.675913 ,265.434641,56.627635 ,-89.285714  ,0.000000   ,5.412565
0.010000,263.489905,-94.106270 ,265.996453,55.734777 ,-89.285714  ,0.000000   ,5.408579
0.010000,263.843650,-94.531175 ,266.549336,54.841920 ,-89.285714  ,-0.000000  ,5.404738
0.010000,264.190103,-94.950528 ,267.093291,53.949063 ,-89.285714  ,0.000000   ,5.401038
0.010000,264.529370,-95.364231 ,267.628318,53.056206 ,-89.285714  ,-0.000000  ,5.397474
0.010000,264.861551,-95.772196 ,268.154415,52.163349 ,-89.285714  ,0.000000   ,5.394042
0.010000,265.186741,-96.174334 ,268.671585,51.270492 ,-89.285714  ,-0.000000  ,5.390738
0.010000,265.505034,-96.570563 ,269.179825,50.377635 ,-89.285714  ,0.000000   ,5.387557
0.010000,265.816519,-96.960806 ,269.679137,49.484777 ,-89.285714  ,0.000000   ,5.384496
0.010000,266.121282,-97.344987 ,270.169521,48.591920 ,-89.285714  ,-0.000000  ,5.381551
0.010000,266.419405,-97.723036 ,270.650976,47.699063 ,-89.285714  ,0.000000   ,5.378717
0.010000,266.710968,-98.094887 ,271.123502,46.806206 ,-89.285714  ,-0.000000  ,5.375992
0.010000,266.996045,-98.460474 ,271.587100,45.913349 ,-89.285714  ,0.000000   ,5.373372
0.010000,267.274709,-98.819737 ,272.041769,45.020492 ,-89.285714  ,-0.000000  ,5.370853
0.010000,267.547031,-99.172619 ,272.487510,44.127635 ,-89.285714  ,0.000000   ,5.368432
0.010000,267.813076,-99.519065 ,272.924322,43.234777 ,-89.285714  ,-0.000000  ,5.366106
0.010000,268.072908,-99.859022 ,273.352205,42.341920 ,-89.285714  ,0.000000   ,5.363872
0.010000,268.326590,-100.192442,273.771160,41.449063 ,-89.285714  ,-0.000000  ,5.361726
0.010000,268.574178,-100.519278,274.181186,40.556206 ,-89.285714  ,0.000000   ,5.359666
0.010000,268.815729,-100.839485,274.582284,39.663349 ,-89.285714  ,-0.000000  ,5.357689
0.010000,269.051296,-101.153020,274.974453,38.770492 ,-89.285714  ,0.000000   ,5.355792
0.010000,269.280931,-101.459845,275.357694,37.877635 ,-89.285714  ,0.000000   ,5.353973
0.010000,269.504681,-101.759920,275.732006,36.984777 ,-89.285714  ,-0.000000  ,5.352229
0.010000,269.722594,-102.053211,276.097390,36.091920 ,-89.285714  ,0.000000   ,5.350558
0.010000,269.934713,-102.339681,276.453845,35.199063 ,-89.285714  ,-0.000000  ,5.348956
0.010000,270.141081,-102.619300,276.801371,34.306206 ,-89.285714  ,0.000000   ,5.347422
0.010000,270.341738,-102.892037,277.139969,33.413349 ,-89.285714  ,-0.000000  ,5.345954
0.010000,270.536723,-103.157862,277.469638,32.520492 ,-89.285714  ,0.000000   ,5.344550
0.010000,270.726070,-103.416748,277.790378,31.627635 ,-89.285714  ,0.000000   ,5.343206
0.010000,270.909817,-103.668669,278.102191,30.734777 ,-89.285714  ,-0.000000  ,5.341922
0.010000,271.087994,-103.913600,278.405074,29.841920 ,-89.285714  ,0.000000   ,5.340696
0.010000,271.260634,-104.151518,278.699029,28.949063 ,-89.285714  ,-0.000000  ,5.339524
0.010000,271.427766,-104.382401,278.984055,28.056206 ,-89.285714  ,0.000000   ,5.338407
0.010000,271.589418,-104.606228,279.260153,27.163349 ,-89.285714  ,-0.000000  ,5.337341
0.010000,271.745617,-104.822979,279.527322,26.270492 ,-89.285714  ,0.000000   ,5.336326
0.010000,271.896389,-105.032636,279.785563,25.377635 ,-89.285714  ,0.000000   ,5.335359
0.010000,272.041757,-105.235182,280.034875,24.484777 ,-89.285714  ,-0.000000  ,5.334440
0.010000,272.181743,-105.430599,280.275258,23.591920 ,-89.285714  ,0.000000   ,5.333566
0.010000,272.316370,-105.618873,280.506713,22.699063 ,-89.285714  ,-0.000000  ,5.332736
0.010000,272.445657,-105.799988,280.729240,21.806206 ,-89.285714  ,0.000000   ,5.331949
0.010000,272.569624,-105.973932,280.942837,20.913349 ,-89.285714  ,-0.000000  ,5.331204
0.010000,272.688287,-106.140691,281.147507,20.020492 ,-89.285714  ,0.000000   ,5.330499
0.010000,272.801665,-106.300252,281.343247,19.127635 ,-89.285714  ,0.000000   ,5.329833
0.010000,272.909772,-106.452605,281.530059,18.234777 ,-89.285714  ,-0.000000  ,5.329205
0.010000,273.012624,-106.597740,281.707943,17.341920 ,-89.285714  ,0.000000   ,5.328613
0.010000,273.110235,-106.735645,281.876898,16.449063 ,-89.285714  ,0.000000   ,5.328058
0.010000,273.202617,-106.866313,282.036924,15.556206 ,-89.285714  ,-0.000000  ,5.327538
0.010000,273.289782,-106.989734,282.188022,14.663349 ,-89.285714  ,-0.000000  ,5.327051
0.010000,273.371742,-107.105900,282.330191,13.770492 ,-89.285714  ,0.000000   ,5.326598
0.010000,273.448507,-107.214805,282.463432,12.877635 ,-89.285714  ,0.000000   ,5.326177
0.010000,273.520087,-107.316440,282.587744,11.984777 ,-89.285714  ,-0.000000  ,5.325787
0.010000,273.586491,-107.410801,282.703127,11.091920 ,-89.285714  ,0.000000   ,5.325429
0.010000,273.647726,-107.497881,282.809582,10.199063 ,-89.285714  ,0.000000   ,5.325100
0.010000,273.703800,-107.577675,282.907109,9.306206  ,-89.285714  ,-0.000000  ,5.324802
0.010000,273.754720,-107.650178,282.995706,8.413349  ,-89.285714  ,0.000000   ,5.324532
0.010000,273.800492,-107.715386,283.075376,7.520492  ,-89.285714  ,-0.000000  ,5.324291
0.010000,273.841121,-107.773296,283.146116,6.627635  ,-89.285714  ,0.000000   ,5.324078
0.010000,273.876612,-107.823903,283.207928,5.734777  ,-89.285714  ,0.000000   ,5.323893
0.010000,273.906969,-107.867206,283.260812,4.841920  ,-89.285714  ,-0.000000  ,5.323735
0.010000,273.932196,-107.903201,283.304767,3.949063  ,-89.285714  ,-0.000000  ,5.323604
0.010000,273.952459,-107.932121,283.340079,3.113453  ,-83.561018  ,572.469596 ,5.323499
0.010000,273.968209,-107.954606,283.367532,2.377049  ,-73.640383  ,992.063492 ,5.323418
0.010000,273.980018,-107.971466,283.388116,1.739852  ,-63.719748  ,992.063492 ,5.323357
0.010000,273.988456,-107.983514,283.402825,1.201860  ,-53.799114  ,992.063492 ,5.323314
0.010000,273.994091,-107.991562,283.412649,0.763076  ,-43.878479  ,992.063492 ,5.323285
0.010000,273.997494,-107.996422,283.418582,0.423497  ,-33.957844  ,992.063492 ,5.323267
0.010000,273.999234,-107.998906,283.421615,0.183125  ,-24.037209  ,992.063492 ,5.323258
0.010000,273.999880,-107.999828,283.422741,0.041959  ,-14.116574  ,992.063492 ,5.323255
0.010000,274.000000,-108.000000,283.422951,0.000000  ,-4.195939   ,992.063492 ,5.323254
0.010000,274.000000,-108.000000,283.422951,0.000000  ,0.000000    ,419.593896 ,5.323254
